1 162
2 156
3 634
5 865
5 307
5 288
6 729
6 523
6 184
7 442
7 78
8 468
8 461
8 437
8 172
9 781
9 539
9 350
10 745
11 870
11 681
11 265
13 610
13 231
14 759
14 412
15 153
16 175
18 111
20 183
21 677
22 960
23 425
23 412
25 724
25 236
27 454
27 434
31 740
31 463
31 415
32 560
32 209
33 994
33 190
34 619
34 443
35 876
35 353
35 339
35 59
36 973
37 306
37 296
38 679
39 770
40 927
40 408
41 330
42 751
42 243
43 945
44 94
45 557
45 419
46 759
46 617
46 348
47 449
47 393
47 86
48 71
50 717
50 289
51 787
54 733
55 787
55 220
56 568
57 821
58 419
61 863
61 529
61 458
64 647
64 165
65 621
66 847
67 981
68 349
69 948
70 531
72 882
72 812
76 607
77 49
80 120
83 809
83 61
84 955
84 457
86 759
86 524
89 825
89 704
89 227
92 937
97 625
98 572
99 852
101 219
101 13
102 559
103 910
103 439
104 653
104 413
106 660
107 501
107 457
109 330
109 90
110 791
111 881
112 553
112 152
113 2
114 763
114 117
116 308
116 8
117 786
117 72
118 773
121 370
123 449
123 291
125 42
128 638
129 244
132 168
132 6
133 468
133 337
134 516
135 952
135 677
135 528
135 308
136 794
137 481
137 403
138 558
138 108
139 484
139 146
140 750
140 157
140 130
141 867
141 805
141 418
141 187
142 747
145 459
146 987
146 46
148 583
149 5
150 824
150 810
151 197
152 620
153 533
153 277
154 349
155 616
155 461
157 456
158 337
159 551
159 211
160 655
160 504
160 167
161 63
163 682
164 676
164 515
164 186
167 14
168 482
168 246
170 445
170 343
171 915
174 887
174 520
176 457
176 15
177 241
177 26
178 761
179 989
179 764
179 740
180 567
180 274
180 127
181 282
182 655
183 100
184 7
184 2
185 414
186 940
187 220
188 374
190 978
190 975
190 217
193 587
195 179
196 51
197 20
198 896
198 145
199 1000
199 925
200 572
200 540
200 116
203 973
203 259
204 231
206 742
206 735
207 755
207 178
208 673
208 416
208 159
210 794
210 501
210 248
211 447
212 283
213 236
215 295
215 234
216 346
216 122
217 851
218 798
219 840
219 98
219 56
220 108
220 31
221 547
221 107
222 41
224 474
224 270
225 72
226 660
226 256
228 306
229 140
229 52
230 991
230 718
233 549
234 185
235 239
237 352
238 292
239 233
240 799
241 855
241 517
242 369
242 324
243 79
247 838
248 548
249 73
250 65
251 414
251 351
252 974
252 579
252 550
252 516
252 3
253 966
253 544
253 404
254 473
256 291
258 532
259 835
260 641
260 452
260 232
260 228
262 920
262 784
262 484
262 77
264 334
264 73
267 595
268 653
268 475
268 349
268 280
270 507
270 97
271 299
271 194
274 872
274 841
274 812
274 622
275 944
275 226
275 30
276 835
276 819
276 733
276 601
276 578
277 329
279 129
280 746
280 311
280 257
280 30
281 660
281 112
282 298
284 918
284 778
285 470
286 407
287 847
289 375
290 861
292 981
294 464
295 629
295 184
295 50
296 457
300 918
300 505
301 643
302 218
303 317
305 645
306 511
306 478
306 61
307 944
308 880
309 380
309 56
310 448
310 425
310 58
311 168
312 696
312 219
313 996
315 622
316 603
317 826
318 578
318 377
321 736
321 458
322 927
324 964
324 653
325 927
325 183
326 529
326 9
327 1000
328 841
328 471
328 178
329 395
329 223
330 737
330 58
333 177
334 192
335 244
336 707
337 937
338 734
339 558
339 468
340 400
341 556
343 525
344 127
345 911
345 339
347 650
347 512
347 295
347 282
348 602
348 2
349 146
351 691
351 443
354 738
354 157
355 324
355 128
355 100
357 349
358 451
359 879
359 363
359 143
360 822
360 785
360 341
361 182
361 143
363 863
364 570
364 467
366 532
366 103
366 93
367 818
368 749
369 882
369 846
370 847
372 997
372 394
372 19
373 531
373 176
374 559
374 390
374 133
374 53
375 222
377 304
378 572
378 551
378 127
379 440
380 631
380 537
381 947
381 221
381 201
382 406
382 175
384 941
384 809
384 129
385 499
386 1000
386 788
386 463
386 155
387 692
389 396
391 722
391 623
392 443
392 104
396 85
397 714
398 324
400 912
400 538
400 108
402 984
402 835
402 697
402 591
402 296
402 75
403 950
403 698
404 892
404 586
404 117
408 17
409 219
409 111
409 59
411 37
412 157
415 537
416 872
417 352
418 13
419 95
419 39
421 26
424 821
424 416
425 775
425 60
428 244
428 100
429 864
431 669
432 711
432 694
433 962
434 939
434 453
434 435
434 2
435 573
436 904
437 618
437 272
438 835
438 749
439 299
440 703
442 72
443 95
444 882
444 790
446 237
448 911
448 816
448 142
448 45
449 693
449 678
449 630
451 759
451 380
452 579
452 151
452 46
454 441
454 344
455 868
455 39
456 177
457 712
458 941
458 844
459 782
460 927
461 286
461 217
463 405
464 396
465 403
465 362
467 587
468 528
471 643
471 158
472 954
472 325
473 830
473 677
474 36
476 88
478 232
480 666
480 573
480 530
480 156
481 863
481 806
481 475
484 842
484 554
485 783
485 751
485 734
485 206
487 959
487 437
488 55
489 486
489 364
489 18
491 652
491 631
492 912
492 332
492 263
493 832
493 263
493 209
493 46
495 942
495 905
495 313
496 290
498 249
499 844
499 122
500 994
500 977
500 974
500 712
501 300
502 567
503 385
503 165
504 995
504 507
510 963
510 897
511 960
511 932
511 142
511 47
513 750
513 333
513 220
513 49
514 526
514 241
514 10
515 94
516 675
516 365
517 822
517 108
518 366
519 628
519 427
521 611
521 573
521 147
522 943
522 435
523 862
523 737
524 820
524 505
527 143
528 380
529 737
530 44
532 248
534 43
535 120
536 185
536 51
537 910
537 346
538 700
538 336
539 622
541 811
541 131
541 70
542 723
543 489
543 229
543 77
544 298
546 566
547 923
547 106
548 956
548 666
549 989
549 240
550 956
551 629
551 511
551 453
552 527
552 383
553 500
555 454
558 592
558 320
559 779
560 534
561 936
561 625
561 42
562 205
563 647
564 323
568 272
568 128
569 558
570 265
570 64
573 545
574 657
574 510
574 367
576 931
577 800
578 523
580 887
581 72
582 519
586 923
587 837
590 785
591 553
591 423
592 216
593 255
595 336
595 93
596 682
596 191
596 161
597 520
598 862
598 730
599 45
599 37
600 434
600 219
601 514
602 335
602 89
603 129
604 538
605 620
606 795
607 894
607 634
608 996
609 346
611 533
612 972
612 708
613 536
616 141
617 672
617 533
617 328
617 261
619 224
621 979
621 479
621 240
623 399
623 170
624 612
625 929
625 834
625 258
627 466
627 433
628 924
628 846
629 432
629 226
630 134
631 342
632 623
633 698
633 667
633 262
633 76
634 858
634 300
635 926
635 194
636 678
636 555
637 692
637 685
637 144
639 915
639 304
640 398
640 384
643 252
643 197
643 170
644 349
645 842
645 293
646 37
647 762
647 748
648 435
649 146
649 99
650 623
652 273
653 949
653 255
654 384
657 86
658 722
659 454
660 334
661 623
661 27
664 830
665 257
666 350
667 605
667 578
667 13
668 820
669 653
670 519
670 64
673 816
674 243
675 810
676 989
676 875
676 821
677 996
677 750
677 618
678 340
678 303
679 865
681 871
681 424
681 420
682 970
682 661
682 546
682 418
684 805
684 737
684 134
685 396
685 373
686 691
686 620
686 307
687 472
687 325
688 819
690 870
694 822
694 184
695 239
696 412
696 61
697 231
698 545
699 557
700 818
701 921
701 536
702 160
703 678
703 548
704 153
705 195
708 245
709 706
709 291
709 202
710 190
711 949
712 930
712 508
713 640
713 455
716 804
716 677
717 939
717 621
718 942
718 601
718 374
719 307
720 866
720 721
720 430
720 53
721 14
722 205
723 756
723 289
724 687
724 287
725 887
725 78
726 976
729 904
729 108
730 947
730 740
731 855
731 748
731 27
732 265
733 436
734 304
735 69
737 352
737 34
738 819
738 299
739 352
740 652
741 515
742 799
743 715
743 679
743 473
744 806
744 570
744 58
745 202
747 513
749 241
751 133
752 606
752 94
754 634
755 988
755 749
755 683
755 593
755 215
757 862
757 835
757 353
758 725
759 611
760 628
760 452
760 117
761 907
762 741
762 335
762 181
762 174
765 975
765 944
765 220
766 515
768 554
769 352
770 667
770 180
770 145
771 785
771 768
772 526
772 280
774 733
774 510
774 239
775 665
775 75
775 70
776 930
778 479
778 118
779 376
781 192
782 373
782 193
782 171
785 894
785 873
786 958
787 993
788 89
790 980
790 346
791 885
791 680
791 460
792 523
792 497
793 773
793 435
794 780
794 395
795 845
795 346
795 144
797 608
798 964
798 332
800 711
801 783
801 301
801 118
801 13
802 320
803 620
803 39
805 957
805 858
805 331
806 51
808 838
808 54
809 626
810 446
811 801
811 616
811 563
811 400
812 92
813 417
813 388
814 784
815 836
816 985
817 813
817 547
817 343
818 979
818 747
818 536
818 372
818 149
818 40
819 206
820 274
821 705
822 627
825 927
826 571
826 72
827 994
828 976
829 686
829 664
829 622
830 884
833 884
835 943
837 409
837 216
838 545
839 825
839 814
839 440
839 409
839 75
840 504
840 142
841 672
841 402
843 846
843 91
844 852
845 927
846 718
847 409
849 981
852 105
852 58
853 330
855 706
856 968
857 872
858 251
859 624
859 23
860 247
860 237
861 396
861 310
862 499
862 262
863 7
864 538
866 312
867 891
868 433
870 683
870 549
870 428
870 130
871 220
872 449
873 841
874 330
874 137
875 81
876 802
877 495
877 61
878 627
880 134
880 91
881 486
882 933
882 491
883 818
884 633
885 352
886 593
886 466
888 437
888 78
888 31
889 27
892 622
893 994
893 829
893 806
893 110
894 947
895 935
897 799
897 779
897 422
899 40
900 674
901 707
901 690
901 594
901 556
901 124
902 478
902 79
903 119
904 472
904 178
904 77
905 637
906 437
906 135
909 450
909 62
910 949
910 339
910 63
913 861
913 508
913 85
914 986
914 590
916 847
916 664
916 562
918 946
918 895
919 503
919 111
921 549
921 439
921 198
923 873
923 16
924 858
924 326
924 201
924 72
925 861
925 109
926 611
926 8
927 618
927 235
927 139
929 482
930 125
931 914
931 681
931 582
932 773
932 317
933 990
933 680
934 671
934 9
935 972
935 291
935 264
936 969
936 769
936 445
936 280
937 697
938 322
939 727
940 748
941 35
942 539
943 707
943 317
945 451
947 8
948 863
948 378
949 805
949 331
950 647
952 564
952 172
953 685
953 567
954 687
955 910
955 483
957 850
957 439
957 387
957 90
958 543
960 910
960 423
961 875
961 371
962 671
962 455
963 347
965 741
965 567
967 844
967 390
967 364
969 100
970 667
970 428
971 680
971 306
972 282
973 921
973 902
973 660
973 595
974 919
974 841
974 544
974 131
977 491
978 293
979 911
979 847
979 713
979 383
979 219
979 191
979 48
980 978
980 422
981 719
982 906
982 128
982 113
983 679
983 523
983 253
983 212
984 764
984 599
984 141
984 74
985 635
987 429
988 253
988 141
989 551
989 380
990 186
992 851
992 832
992 782
992 782
992 463
992 388
993 905
993 107
993 38
994 659
994 331
994 157
994 102
995 767
995 187
996 873
996 772
996 98
998 30
999 735
999 519
999 156
1000 107
67
